+1.134644183841249 334.653217345     2677.226 500 500 500
+1.372054820957089 327.765781844     2622.126 500 500 500
+1.528323496980727 316.585021673     2532.680 500 500 500
+1.811853143066060 310.925203060     2487.402 500 500 500
+2.032168752951059 304.293390544     2434.347 500 500 500
+2.391689926946156 300.753906510     2406.031 500 500 500
+2.705584766371778 296.814336197     2374.515 500 500 500
+3.174074185856039 290.634398174     2325.075 500 500 500
+3.618564804773944 286.523259582     2292.186 500 500 500
+4.240317437433291 282.182948198     2257.464 500 500 500
