+0.945022925310054  3.964735886     3964.736 100 100 100
+1.191360817253026  3.822302759     3822.303 100 100 100
+1.184568697939540  3.752660554     3752.661 100 100 100
+1.437763455683713  3.693127385     3693.127 100 100 100
+1.463043183363641  3.692805890     3692.806 100 100 100
+1.740140421390757  3.731319503     3731.320 100 100 100
+1.793600559822491  3.610511832     3610.512 100 100 100
+2.106274827102640  3.687798588     3687.799 100 100 100
+2.188698441105966  3.943556490     3943.556 100 100 100
+2.547775111105636  3.607948516     3607.949 100 100 100
