+1.134644183841249 32.801257092      262.410 500 500 500
+1.372054820957088 27.592749563      220.742 500 500 500
+1.528323496980726 27.260088720      218.081 500 500 500
+1.811853143066060 27.123258299      216.986 500 500 500
+2.032168752951058 27.210428436      217.683 500 500 500
+2.391689926946154 27.267879992      218.143 500 500 500
+2.705584766371777 27.182905362      217.463 500 500 500
+3.174074185856039 27.248991796      217.992 500 500 500
+3.618564804773945 27.261035559      218.088 500 500 500
+4.240317437433295 27.455737290      219.646 500 500 500
