+1.134644183841249 11.364727072       90.918 500 500 500
+1.372054820957088 10.599560457       84.796 500 500 500
+1.528323496980726 10.482506484       83.860 500 500 500
+1.811853143066060 10.640645871       85.125 500 500 500
+2.032168752951058 10.697374730       85.579 500 500 500
+2.391689926946154 10.720497154       85.764 500 500 500
+2.705584766371777 10.596693712       84.774 500 500 500
+3.174074185856039 10.697201376       85.578 500 500 500
+3.618564804773945 10.672017892       85.376 500 500 500
+4.240317437433295 10.615544261       84.924 500 500 500
