+0.945022925310054  0.098889701       98.890 100 100 100
+1.191360817253026  0.103434691      103.435 100 100 100
+1.184568697939540  0.104698053      104.698 100 100 100
+1.437763455683713  0.101063767      101.064 100 100 100
+1.463043183363641  0.114281354      114.281 100 100 100
+1.740140421390755  0.086391224       86.391 100 100 100
+1.793600559822490  0.085593525       85.594 100 100 100
+2.106274827102637  0.088834468       88.834 100 100 100
+2.188698441105964  0.088501950       88.502 100 100 100
+2.547775111105633  0.097070598       97.071 100 100 100
