+0.945022925310053  0.207121457      207.121 100 100 100
+1.191360817253026  0.320798766      320.799 100 100 100
+1.184568697939540  0.231551876      231.552 100 100 100
+1.437763455683713  0.319245757      319.246 100 100 100
+1.463043183363641  0.256056353      256.056 100 100 100
+1.740140421390756  0.267130705      267.131 100 100 100
+1.793600559822490  0.260242320      260.242 100 100 100
+2.106274827102638  0.288375273      288.375 100 100 100
+2.188698441105964  0.213087209      213.087 100 100 100
+2.547775111105634  0.295403018      295.403 100 100 100
