+1.134644183841249 12.524834347      100.199 500 500 500
+1.372054820957088 11.894699965       95.158 500 500 500
+1.528323496980726 11.866037963       94.928 500 500 500
+1.811853143066060 11.735363313       93.883 500 500 500
+2.032168752951058 11.764940812       94.120 500 500 500
+2.391689926946154 11.833285575       94.666 500 500 500
+2.705584766371777 11.757963596       94.064 500 500 500
+3.174074185856039 11.740390021       93.923 500 500 500
+3.618564804773945 11.790327658       94.323 500 500 500
+4.240317437433295 11.781616788       94.253 500 500 500
