+1.134644183841249  6.743009152       53.944 500 500 500
+1.372054820957088  5.844558769       46.756 500 500 500
+1.528323496980726  5.766119424       46.129 500 500 500
+1.811853143066060  5.749484038       45.996 500 500 500
+2.032168752951058  5.751051797       46.008 500 500 500
+2.391689926946154  5.832606883       46.661 500 500 500
+2.705584766371777  5.792608577       46.341 500 500 500
+3.174074185856039  5.744308502       45.954 500 500 500
+3.618564804773945  5.764343129       46.115 500 500 500
+4.240317437433295  5.760302699       46.082 500 500 500
