+1.134644183841249 10.877411518       87.019 500 500 500
+1.372054820957088 10.611545342       84.892 500 500 500
+1.528323496980726 10.490371527       83.923 500 500 500
+1.811853143066060 10.472325962       83.779 500 500 500
+2.032168752951058 10.579044694       84.632 500 500 500
+2.391689926946154 10.588014113       84.704 500 500 500
+2.705584766371777 10.618404072       84.947 500 500 500
+3.174074185856039 10.457097568       83.657 500 500 500
+3.618564804773945 10.438024102       83.504 500 500 500
+4.240317437433295 10.504123922       84.033 500 500 500
