+1.134644183841249 17.881328456      143.051 500 500 500
+1.372054820957088 17.206413596      137.651 500 500 500
+1.528323496980726 17.256390423      138.051 500 500 500
+1.811853143066060 17.267150314      138.137 500 500 500
+2.032168752951058 17.125460253      137.004 500 500 500
+2.391689926946154 17.242062672      137.937 500 500 500
+2.705584766371777 17.156868288      137.255 500 500 500
+3.174074185856039 17.044961753      136.360 500 500 500
+3.618564804773945 17.223807430      137.790 500 500 500
+4.240317437433295 17.243623546      137.949 500 500 500
