+0.945022925310053  0.459192426      459.192 100 100 100
+1.191360817253026  0.428318889      428.319 100 100 100
+1.184568697939540  0.443896205      443.896 100 100 100
+1.437763455683713  0.434274966      434.275 100 100 100
+1.463043183363641  0.436669914      436.670 100 100 100
+1.740140421390756  0.438056639      438.057 100 100 100
+1.793600559822490  0.437907688      437.908 100 100 100
+2.106274827102638  0.438303259      438.303 100 100 100
+2.188698441105964  0.439970764      439.971 100 100 100
+2.547775111105634  0.438816374      438.816 100 100 100
