+0.945022925310053  0.167353969      167.354 100 100 100
+1.191360817253026  0.240537379      240.537 100 100 100
+1.184568697939540  0.272953833      272.954 100 100 100
+1.437763455683713  0.244129698      244.130 100 100 100
+1.463043183363641  0.234175162      234.175 100 100 100
+1.740140421390756  0.272298698      272.299 100 100 100
+1.793600559822490  0.201751653      201.752 100 100 100
+2.106274827102638  0.189135685      189.136 100 100 100
+2.188698441105964  0.180458021      180.458 100 100 100
+2.547775111105634  0.210471699      210.472 100 100 100
