+0.945022925310053  0.192126514      192.127 100 100 100
+1.191360817253026  0.181732109      181.732 100 100 100
+1.184568697939540  0.150932336      150.932 100 100 100
+1.437763455683713  0.171786451      171.786 100 100 100
+1.463043183363641  0.155512040      155.512 100 100 100
+1.740140421390756  0.171736758      171.737 100 100 100
+1.793600559822490  0.165123790      165.124 100 100 100
+2.106274827102638  0.159280738      159.281 100 100 100
+2.188698441105964  0.183023069      183.023 100 100 100
+2.547775111105634  0.161871466      161.871 100 100 100
