+0.945022925310054  0.071903671       71.904 100 100 100
+1.191360817253026  0.074031608       74.032 100 100 100
+1.184568697939540  0.077573603       77.574 100 100 100
+1.437763455683713  0.079471993       79.472 100 100 100
+1.463043183363641  0.092032921       92.033 100 100 100
+1.740140421390755  0.102146851      102.147 100 100 100
+1.793600559822490  0.110852800      110.853 100 100 100
+2.106274827102637  0.122813571      122.814 100 100 100
+2.188698441105964  0.127054959      127.055 100 100 100
+2.547775111105633  0.131295283      131.295 100 100 100
