+0.945022925310054  0.441835299      441.835 100 100 100
+1.191360817253026  0.431634871      431.635 100 100 100
+1.184568697939540  0.345327102      345.327 100 100 100
+1.437763455683713  0.334866121      334.866 100 100 100
+1.463043183363641  0.338560729      338.561 100 100 100
+1.740140421390755  0.332358587      332.359 100 100 100
+1.793600559822490  0.330215235      330.215 100 100 100
+2.106274827102637  0.331198116      331.198 100 100 100
+2.188698441105964  0.330994040      330.994 100 100 100
+2.547775111105633  0.330584368      330.584 100 100 100
