+0.945022925310054  0.152931294      152.931 100 100 100
+1.191360817253026  0.191847355      191.847 100 100 100
+1.184568697939540  0.197389722      197.390 100 100 100
+1.437763455683713  0.174982579      174.983 100 100 100
+1.463043183363641  0.128391167      128.391 100 100 100
+1.740140421390755  0.144169997      144.170 100 100 100
+1.793600559822490  0.138917928      138.918 100 100 100
+2.106274827102637  0.156354156      156.354 100 100 100
+2.188698441105964  0.159701732      159.702 100 100 100
+2.547775111105633  0.151404615      151.405 100 100 100
