+1.134644183841249 10.339503435       82.716 500 500 500
+1.372054820957088  9.657453588       77.260 500 500 500
+1.528323496980726  9.660466297       77.284 500 500 500
+1.811853143066060  9.632431401       77.059 500 500 500
+2.032168752951058  9.648592632       77.189 500 500 500
+2.391689926946154  9.749297607       77.994 500 500 500
+2.705584766371777  9.757825565       78.063 500 500 500
+3.174074185856039  9.645079992       77.161 500 500 500
+3.618564804773945  9.567560784       76.540 500 500 500
+4.240317437433295  9.645827311       77.167 500 500 500
