+0.945022925310053  0.156951641      156.952 100 100 100
+1.191360817253026  0.269592012      269.592 100 100 100
+1.184568697939540  0.160795794      160.796 100 100 100
+1.437763455683713  0.166990651      166.991 100 100 100
+1.463043183363641  0.160475523      160.476 100 100 100
+1.740140421390756  0.269257996      269.258 100 100 100
+1.793600559822490  0.181742389      181.742 100 100 100
+2.106274827102638  0.188947815      188.948 100 100 100
+2.188698441105964  0.201605802      201.606 100 100 100
+2.547775111105634  0.159113919      159.114 100 100 100
