+1.134644183841250  6.682240195       53.458 500 500 500
+1.372054820957089  6.178247506       49.426 500 500 500
+1.528323496980728  6.139560381       49.116 500 500 500
+1.811853143066062  6.102108431       48.817 500 500 500
+2.032168752951061  6.003703946       48.030 500 500 500
+2.391689926946157  6.052317301       48.419 500 500 500
+2.705584766371780  6.069351728       48.555 500 500 500
+3.174074185856043  6.054806780       48.438 500 500 500
+3.618564804773950  6.116033373       48.928 500 500 500
+4.240317437433300  6.099415106       48.795 500 500 500
