+1.134644183841249  9.919269669       79.354 500 500 500
+1.372054820957088 10.189369474       81.515 500 500 500
+1.528323496980726  9.747480092       77.980 500 500 500
+1.811853143066060  9.488573701       75.909 500 500 500
+2.032168752951058  9.816985469       78.536 500 500 500
+2.391689926946154  9.698253457       77.586 500 500 500
+2.705584766371777 10.119768050       80.958 500 500 500
+3.174074185856039  9.672411363       77.379 500 500 500
+3.618564804773945  9.807938724       78.464 500 500 500
+4.240317437433295  9.701761436       77.614 500 500 500
