+1.134644183841250 14.341261833      114.730 500 500 500
+1.372054820957089 13.692857074      109.543 500 500 500
+1.528323496980728 13.539613112      108.317 500 500 500
+1.811853143066062 13.429876313      107.439 500 500 500
+2.032168752951061 13.446807573      107.574 500 500 500
+2.391689926946157 13.581244417      108.650 500 500 500
+2.705584766371780 13.454906258      107.639 500 500 500
+3.174074185856043 13.467280068      107.738 500 500 500
+3.618564804773950 13.599355577      108.795 500 500 500
+4.240317437433300 13.399727822      107.198 500 500 500
