+1.134644183841249 10.508838272       84.071 500 500 500
+1.372054820957088 10.159003111       81.272 500 500 500
+1.528323496980726  9.835470927       78.684 500 500 500
+1.811853143066060  9.872809864       78.982 500 500 500
+2.032168752951058  9.916395212       79.331 500 500 500
+2.391689926946154  9.873546603       78.988 500 500 500
+2.705584766371777  9.911738856       79.294 500 500 500
+3.174074185856039  9.923919012       79.391 500 500 500
+3.618564804773945  9.853381486       78.827 500 500 500
+4.240317437433295  9.886431894       79.091 500 500 500
