+1.134644183841249 10.185492319       81.484 500 500 500
+1.372054820957088  9.829627373       78.637 500 500 500
+1.528323496980726  9.737158133       77.897 500 500 500
+1.811853143066060  9.701256823       77.610 500 500 500
+2.032168752951058  9.741508029       77.932 500 500 500
+2.391689926946154  9.625467505       77.004 500 500 500
+2.705584766371777  9.599861675       76.799 500 500 500
+3.174074185856039  9.678323233       77.427 500 500 500
+3.618564804773945  9.745744722       77.966 500 500 500
+4.240317437433295  9.719278184       77.754 500 500 500
