+0.945022925310053  0.079645427       79.645 100 100 100
+1.191360817253026  0.085224543       85.225 100 100 100
+1.184568697939540  0.099268392       99.268 100 100 100
+1.437763455683713  0.110926292      110.926 100 100 100
+1.463043183363641  0.093097948       93.098 100 100 100
+1.740140421390756  0.106934953      106.935 100 100 100
+1.793600559822490  0.097774753       97.775 100 100 100
+2.106274827102638  0.100510851      100.511 100 100 100
+2.188698441105964  0.096445165       96.445 100 100 100
+2.547775111105634  0.108922672      108.923 100 100 100
