+1.134644183841250 43.118735452      344.950 500 500 500
+1.372054820957089 41.243388709      329.947 500 500 500
+1.528323496980728 41.247486970      329.980 500 500 500
+1.811853143066062 41.250079936      330.001 500 500 500
+2.032168752951061 41.513904004      332.111 500 500 500
+2.391689926946157 41.334163955      330.673 500 500 500
+2.705584766371780 41.182661175      329.461 500 500 500
+3.174074185856043 41.105194943      328.842 500 500 500
+3.618564804773950 41.100421005      328.803 500 500 500
+4.240317437433300 41.149884626      329.199 500 500 500
