+0.945022925310054  0.082353774       82.354 100 100 100
+1.191360817253026  0.094167517       94.168 100 100 100
+1.184568697939540  0.082889285       82.889 100 100 100
+1.437763455683713  0.085569234       85.569 100 100 100
+1.463043183363641  0.088361270       88.361 100 100 100
+1.740140421390755  0.093396140       93.396 100 100 100
+1.793600559822490  0.094522861       94.523 100 100 100
+2.106274827102637  0.109560897      109.561 100 100 100
+2.188698441105964  0.099789573       99.790 100 100 100
+2.547775111105633  0.125180677      125.181 100 100 100
