+1.134644183841250 23.625855150      189.007 500 500 500
+1.372054820957089 22.525741450      180.206 500 500 500
+1.528323496980728 22.510962496      180.088 500 500 500
+1.811853143066062 22.608804427      180.870 500 500 500
+2.032168752951061 22.550502659      180.404 500 500 500
+2.391689926946157 22.458404601      179.667 500 500 500
+2.705584766371780 22.567484342      180.540 500 500 500
+3.174074185856043 22.467949270      179.744 500 500 500
+3.618564804773950 22.430637588      179.445 500 500 500
+4.240317437433300 22.498703092      179.990 500 500 500
