+1.134644183841250  5.614384645       44.915 500 500 500
+1.372054820957089  4.959007683       39.672 500 500 500
+1.528323496980728  5.016139363       40.129 500 500 500
+1.811853143066062  5.371046166       42.968 500 500 500
+2.032168752951061  4.957951291       39.664 500 500 500
+2.391689926946157  5.004343074       40.035 500 500 500
+2.705584766371780  5.230902600       41.847 500 500 500
+3.174074185856043  5.023952726       40.192 500 500 500
+3.618564804773950  4.974895452       39.799 500 500 500
+4.240317437433300  4.949806553       39.598 500 500 500
