+1.134644183841249 87.446951407      699.576 500 500 500
+1.372054820957088 85.886615673      687.093 500 500 500
+1.528323496980726 85.643073075      685.145 500 500 500
+1.811853143066060 85.708395844      685.667 500 500 500
+2.032168752951058 85.894021153      687.152 500 500 500
+2.391689926946154 85.708325161      685.667 500 500 500
+2.705584766371777 85.788749279      686.310 500 500 500
+3.174074185856039 85.880903248      687.047 500 500 500
+3.618564804773945 85.823536243      686.588 500 500 500
+4.240317437433295 85.778842047      686.231 500 500 500
