+1.134644183841249 10.308917177       82.471 500 500 500
+1.372054820957088  9.761252654       78.090 500 500 500
+1.528323496980726  9.577997262       76.624 500 500 500
+1.811853143066060  9.736606860       77.893 500 500 500
+2.032168752951058  9.736407507       77.891 500 500 500
+2.391689926946154  9.679226535       77.434 500 500 500
+2.705584766371777  9.701234872       77.610 500 500 500
+3.174074185856039  9.744401714       77.955 500 500 500
+3.618564804773945  9.748327728       77.987 500 500 500
+4.240317437433295  9.697640114       77.581 500 500 500
