+1.134644183841249 10.680682818       85.445 500 500 500
+1.372054820957088 10.187317978       81.499 500 500 500
+1.528323496980726 10.098068878       80.785 500 500 500
+1.811853143066060 10.079063064       80.633 500 500 500
+2.032168752951058 10.116101369       80.929 500 500 500
+2.391689926946154 10.196316713       81.571 500 500 500
+2.705584766371777 10.133731930       81.070 500 500 500
+3.174074185856039 10.130000038       81.040 500 500 500
+3.618564804773945 10.109092892       80.873 500 500 500
+4.240317437433295 10.186164004       81.489 500 500 500
