+1.134644183841249 47.876233718      383.010 500 500 500
+1.372054820957088 46.311105485      370.489 500 500 500
+1.528323496980726 46.099198082      368.794 500 500 500
+1.811853143066060 46.063195659      368.506 500 500 500
+2.032168752951058 46.168640553      369.349 500 500 500
+2.391689926946154 46.017509997      368.140 500 500 500
+2.705584766371777 46.103938620      368.832 500 500 500
+3.174074185856039 45.984706970      367.878 500 500 500
+3.618564804773945 45.987113357      367.897 500 500 500
+4.240317437433295 46.065283186      368.522 500 500 500
