+1.134644183841250  5.596827156       44.775 500 500 500
+1.372054820957089  5.025795466       40.206 500 500 500
+1.528323496980728  5.001122268       40.009 500 500 500
+1.811853143066062  5.017499539       40.140 500 500 500
+2.032168752951061  4.968705406       39.750 500 500 500
+2.391689926946157  4.946768776       39.574 500 500 500
+2.705584766371780  4.843001232       38.744 500 500 500
+3.174074185856043  4.965162577       39.721 500 500 500
+3.618564804773950  4.979482301       39.836 500 500 500
+4.240317437433300  4.946161436       39.569 500 500 500
