+1.134644183841250  9.454710628       75.638 500 500 500
+1.372054820957089  8.716486347       69.732 500 500 500
+1.528323496980728  8.625338947       69.003 500 500 500
+1.811853143066062  8.687219536       69.498 500 500 500
+2.032168752951061  8.630059565       69.040 500 500 500
+2.391689926946157  8.799409010       70.395 500 500 500
+2.705584766371780  8.574880385       68.599 500 500 500
+3.174074185856043  8.685934313       69.487 500 500 500
+3.618564804773950  8.638993549       69.112 500 500 500
+4.240317437433300  8.799871493       70.399 500 500 500
