+1.134644183841249 10.722202841       85.778 500 500 500
+1.372054820957088  9.972962179       79.784 500 500 500
+1.528323496980726 10.075336670       80.603 500 500 500
+1.811853143066060 10.093411322       80.747 500 500 500
+2.032168752951058 10.014077139       80.113 500 500 500
+2.391689926946154  9.987801470       79.902 500 500 500
+2.705584766371777  9.918122940       79.345 500 500 500
+3.174074185856039  9.974259830       79.794 500 500 500
+3.618564804773945  9.915436030       79.323 500 500 500
+4.240317437433295  9.948356840       79.587 500 500 500
