+0.945022925310053  0.213317402      213.317 100 100 100
+1.191360817253026  0.256605595      256.606 100 100 100
+1.184568697939540  0.252465794      252.466 100 100 100
+1.437763455683713  0.218455897      218.456 100 100 100
+1.463043183363641  0.274663769      274.664 100 100 100
+1.740140421390756  0.255861588      255.862 100 100 100
+1.793600559822490  0.225475897      225.476 100 100 100
+2.106274827102638  0.254959021      254.959 100 100 100
+2.188698441105964  0.249424741      249.425 100 100 100
+2.547775111105634  0.253959446      253.959 100 100 100
