+0.945022925310053  0.162467516      162.468 100 100 100
+1.191360817253026  0.292695615      292.696 100 100 100
+1.184568697939540  0.213021617      213.022 100 100 100
+1.437763455683713  0.176327531      176.328 100 100 100
+1.463043183363641  0.238094326      238.094 100 100 100
+1.740140421390756  0.258360431      258.360 100 100 100
+1.793600559822490  0.200102148      200.102 100 100 100
+2.106274827102638  0.242713306      242.713 100 100 100
+2.188698441105964  0.276540480      276.540 100 100 100
+2.547775111105634  0.236533199      236.533 100 100 100
