+0.945022925310053  0.372385577      372.386 100 100 100
+1.191360817253026  0.356584565      356.585 100 100 100
+1.184568697939540  0.329895347      329.895 100 100 100
+1.437763455683713  0.383847294      383.847 100 100 100
+1.463043183363641  0.310149448      310.149 100 100 100
+1.740140421390756  0.310822118      310.822 100 100 100
+1.793600559822490  0.295905493      295.905 100 100 100
+2.106274827102638  0.311763194      311.763 100 100 100
+2.188698441105964  0.296887713      296.888 100 100 100
+2.547775111105634  0.317892822      317.893 100 100 100
