+1.134644183841249 12.720332938      101.763 500 500 500
+1.372054820957088 12.006610706       96.053 500 500 500
+1.528323496980726 11.990890686       95.927 500 500 500
+1.811853143066060 11.813597092       94.509 500 500 500
+2.032168752951058 11.812633548       94.501 500 500 500
+2.391689926946154 11.894703760       95.158 500 500 500
+2.705584766371777 11.812876595       94.503 500 500 500
+3.174074185856039 11.795474918       94.364 500 500 500
+3.618564804773945 11.712300495       93.698 500 500 500
+4.240317437433295 11.642559692       93.140 500 500 500
