+0.945022925310054  0.242861788      242.862 100 100 100
+1.191360817253026  0.249077838      249.078 100 100 100
+1.184568697939540  0.223741821      223.742 100 100 100
+1.437763455683713  0.228438470      228.438 100 100 100
+1.463043183363641  0.200482506      200.483 100 100 100
+1.740140421390755  0.213083154      213.083 100 100 100
+1.793600559822490  0.221087296      221.087 100 100 100
+2.106274827102637  0.210006505      210.007 100 100 100
+2.188698441105964  0.222815116      222.815 100 100 100
+2.547775111105633  0.226405912      226.406 100 100 100
