+0.945022925310053  0.924948554      924.949 100 100 100
+1.191360817253026  0.712416633      712.417 100 100 100
+1.184568697939540  0.717774280      717.774 100 100 100
+1.437763455683713  0.683651437      683.651 100 100 100
+1.463043183363641  0.693740491      693.740 100 100 100
+1.740140421390756  0.686412095      686.412 100 100 100
+1.793600559822490  0.697481995      697.482 100 100 100
+2.106274827102638  0.681712638      681.713 100 100 100
+2.188698441105964  0.697778380      697.778 100 100 100
+2.547775111105634  0.695468342      695.468 100 100 100
