+0.945022925310053  0.139771911      139.772 100 100 100
+1.191360817253026  0.172949207      172.949 100 100 100
+1.184568697939540  0.152047959      152.048 100 100 100
+1.437763455683713  0.158719284      158.719 100 100 100
+1.463043183363641  0.148437971      148.438 100 100 100
+1.740140421390756  0.166948357      166.948 100 100 100
+1.793600559822490  0.164750327      164.750 100 100 100
+2.106274827102638  0.132639371      132.639 100 100 100
+2.188698441105964  0.142574797      142.575 100 100 100
+2.547775111105634  0.139309616      139.310 100 100 100
